#Time	Azimuth	Altitude	Radiation

2018-01-28T00:10:00	350.9674759463795	-55.77694248764723	0.0

2018-01-28T00:20:00	346.7956231414733	-55.47991460212315	0.0

2018-01-28T00:30:00	342.6889192974603	-55.075242779394614	0.0

2018-01-28T00:40:00	338.66400424138624	-54.566888163333026	0.0

2018-01-28T00:50:00	334.7346712135567	-53.959583138180825	0.0

2018-01-28T01:00:00	330.91167332070637	-53.25864915578359	0.0

2018-01-28T01:10:00	327.20272734566925	-52.469814025386334	0.0

2018-01-28T01:20:00	323.61268191448244	-51.59904114787304	0.0

2018-01-28T01:30:00	320.14380192111736	-50.65237893354836	0.0

2018-01-28T01:40:00	316.79612233755756	-49.63583517830093	0.0

2018-01-28T01:50:00	313.5678300202239	-48.55527791942338	0.0

2018-01-28T02:00:00	310.4556411338523	-47.41636183142963	0.0

2018-01-28T02:10:00	307.45515195890584	-46.22447768981599	0.0

2018-01-28T02:20:00	304.56114852658305	-44.984721002790366	0.0

2018-01-28T02:30:00	301.7678720647599	-43.70187733882207	0.0

2018-01-28T02:40:00	299.06923553122306	-42.380419200848095	0.0

2018-01-28T02:50:00	296.45899705540296	-41.02451246450598	0.0

2018-01-28T03:00:00	293.93089383496465	-39.638029219716785	0.0

2018-01-28T03:10:00	291.4787422804038	-38.224564909400996	0.0

2018-01-28T03:20:00	289.096510136466	-36.78745806280467	0.0

2018-01-28T03:30:00	286.77836592829004	-35.32981133413216	0.0

2018-01-28T03:40:00	284.5187106507919	-33.85451300833956	0.0

2018-01-28T03:50:00	282.3121948736573	-32.364257718297736	0.0

2018-01-28T04:00:00	280.15372692223735	-30.861567422462247	0.0

2018-01-28T04:10:00	278.0384718533239	-29.348810385625125	0.0

2018-01-28T04:20:00	275.96184570047683	-27.828219488798606	0.0

2018-01-28T04:30:00	273.9195058129777	-26.30190921646646	0.0

2018-01-28T04:40:00	271.90733875033254	-24.771891403077884	0.0

2018-01-28T04:50:00	269.9214467699311	-23.240089779948732	0.0

2018-01-28T05:00:00	267.9581336640015	-21.708353376197152	0.0

2018-01-28T05:10:00	266.01389065152426	-20.17846894976434	0.0

2018-01-28T05:20:00	264.08538196302953	-18.652171909502968	0.0

2018-01-28T05:30:00	262.16943238460414	-17.131157348071966	0.0

2018-01-28T05:40:00	260.263014370218	-15.617089204643792	0.0

2018-01-28T05:50:00	258.363236839726	-14.111609165505385	0.0

2018-01-28T06:00:00	256.46733500387876	-12.616344749035415	0.0

2018-01-28T06:10:00	254.57266141671505	-11.132916724066737	0.0

2018-01-28T06:20:00	252.67667833201187	-9.662945905684362	0.0

2018-01-28T06:30:00	250.77695140596825	-8.20805935518366	0.0

2018-01-28T06:40:00	248.87114491905322	-6.769896099516512	0.0

2018-01-28T06:50:00	246.95701778333137	-5.350111799590699	0.0

2018-01-28T07:00:00	245.03242229303953	-3.9503838092416794	0.0

2018-01-28T07:10:00	243.0953030888058	-2.5724146770736094	0.0

2018-01-28T07:20:00	241.1436982757636	-1.2179355124272704	0.0

2018-01-28T07:30:00	239.1757419682387	0.5715996544938119	0.0009013241200441736

2018-01-28T07:40:00	237.1896683810586	1.7338924781268197	11.654002395419042

2018-01-28T07:50:00	235.18381748768167	2.925837729830808	77.63348884348363

2018-01-28T08:00:00	233.15664221925573	4.118173749672289	172.50138631289258

2018-01-28T08:10:00	231.1067173065719	5.294851218546834	266.5547058940609

2018-01-28T08:20:00	229.03274886297493	6.4468952132749395	349.87318441926635

2018-01-28T08:30:00	226.9335866704369	7.5686208409928835	421.029666545649

2018-01-28T08:40:00	224.80823626057582	8.655935590641898	481.1812518552667

2018-01-28T08:50:00	222.6558726294706	9.705568052050596	532.0177246644458

2018-01-28T09:00:00	220.4758545179888	10.714698568378113	575.132369860623

2018-01-28T09:10:00	218.26773902884463	11.680773442037	611.8675167296707

2018-01-28T09:20:00	216.031296195849	12.601408575085816	643.3100857325854

2018-01-28T09:30:00	213.76652301990515	13.474339580657055	670.3282035394504

2018-01-28T09:40:00	211.4736565919277	14.297397507802053	693.613302424504

2018-01-28T09:50:00	209.15318478080826	15.068499844765268	713.7171779200391

2018-01-28T10:00:00	206.80585617477232	15.785650202803394	731.0818867363084

2018-01-28T10:10:00	204.43268554982774	16.44694446086351	746.0630706716407

2018-01-28T10:20:00	202.03495653256346	17.05058048375704	758.9478805687776

2018-01-28T10:30:00	199.61421997166872	17.594870380797943	769.968691193931

2018-01-28T10:40:00	197.17228764766264	18.07825424611092	779.3135876081916

2018-01-28T10:50:00	194.711220968338	18.499314581274355	787.1343878305084

2018-01-28T11:00:00	192.2333144173407	18.856790720857145	793.5527796118419

2018-01-28T11:10:00	189.7410739137472	19.14959263664938	798.6650008127323

2018-01-28T11:20:00	187.23718925952107	19.3768136853517	802.5453819387473

2018-01-28T11:30:00	184.72450361037795	19.537741529874204	805.2489769046755

2018-01-28T11:40:00	182.2059772601599	19.631867206481786	806.8134547114656

2018-01-28T11:50:00	179.6846490712694	19.658891689302212	807.2603621869201

2018-01-28T12:00:00	177.16359557928035	19.61872983026058	806.5958354012462

2018-01-28T12:10:00	174.64588902583807	19.511511496797254	804.8108010247971

2018-01-28T12:20:00	172.13455551828122	19.337579867843058	801.8806794280108

2018-01-28T12:30:00	169.6325344739846	19.097486951294773	797.764572220926

2018-01-28T12:40:00	167.14264061936933	18.791986518545333	792.4038869138074

2018-01-28T12:50:00	164.66752851355955	18.42202459398123	785.7203140205577

2018-01-28T13:00:00	162.20966290572414	17.988728178881264	777.613038124325

2018-01-28T13:10:00	159.77129217431388	17.493392231716157	767.9549988455079

2018-01-28T13:20:00	157.35442772394867	16.93746569778202	756.5879614870098

2018-01-28T13:30:00	154.9608284992728	16.322537038031363	743.3160599432761

2018-01-28T13:40:00	152.5919906980173	15.650319882299028	727.8973573058315

2018-01-28T13:50:00	150.24914245153008	14.922639514655305	710.0328146802375

2018-01-28T14:00:00	147.9332430598613	14.141421014563996	689.3518647689463

2018-01-28T14:10:00	145.64498641833018	13.308680169298325	665.3935697787178

2018-01-28T14:20:00	143.38480711924421	12.426518283107551	637.5821503191289

2018-01-28T14:30:00	141.1528908974484	11.497123968218517	605.1957658747482

2018-01-28T14:40:00	138.94918569530796	10.522784468131118	567.3282538613082

2018-01-28T14:50:00	136.7734150361597	9.505913804201276	522.8469368435084

2018-01-28T15:00:00	134.62509220599998	8.449109473772296	470.36000139210597

2018-01-28T15:10:00	132.50353485589784	7.355261502538612	408.2377164386176

2018-01-28T15:20:00	130.40787957891894	6.22776347606942	334.8218112720409

2018-01-28T15:30:00	128.33709606147409	5.07093542360629	249.22211902825651

2018-01-28T15:40:00	126.29000062543957	3.890915899232322	153.85301900531448

2018-01-28T15:50:00	124.26526808039142	2.697640730251329	61.47810991257618

2018-01-28T16:00:00	122.2614437474914	1.5091898394557088	5.826951877950543

2018-01-28T16:10:00	120.27695276006142	0.3572658906780038	1.8836690456825315e-07

2018-01-28T16:20:00	118.31010860095216	-1.472422493117944	0.0

2018-01-28T16:30:00	116.35911999742945	-2.8306485495651015	0.0

2018-01-28T16:40:00	114.42209626236013	-4.211943782205214	0.0

2018-01-28T16:50:00	112.49705108340237	-5.614577908544548	0.0

2018-01-28T17:00:00	110.58190475917274	-7.036848219160306	0.0

2018-01-28T17:10:00	108.6744850302025	-8.477076049136123	0.0

2018-01-28T17:20:00	106.77252576146532	-9.933603122224017	0.0

2018-01-28T17:30:00	104.87366543065309	-11.404786334162518	0.0

2018-01-28T17:40:00	102.97544288995329	-12.88899292997425	0.0

2018-01-28T17:50:00	101.07529236329731	-14.38459462876085	0.0

2018-01-28T18:00:00	99.17053695693255	-15.88996125479234	0.0

2018-01-28T18:10:00	97.25838084711347	-17.40345377591706	0.0

2018-01-28T18:20:00	95.3359002141716	-18.92341670253085	0.0

2018-01-28T18:30:00	93.40003299031929	-20.44816981410045	0.0

2018-01-28T18:40:00	91.44756765296569	-21.975999056246675	0.0

2018-01-28T18:50:00	89.4751304067018	-23.505147166023992	0.0

2018-01-28T19:00:00	87.47917290719545	-25.033802414902357	0.0

2018-01-28T19:10:00	85.4559581569714	-26.5600874514954	0.0

2018-01-28T19:20:00	83.40154687534005	-28.082046634936354	0.0

2018-01-28T19:30:00	81.31178403701841	-29.597632387566417	0.0

2018-01-28T19:40:00	79.18228632359683	-31.104690419631996	0.0

2018-01-28T19:50:00	77.00843133638796	-32.60094376386757	0.0

2018-01-28T20:00:00	74.78534966420995	-34.083975611921815	0.0

2018-01-28T20:10:00	72.50792139293947	-35.55121088136613	0.0

2018-01-28T20:20:00	70.17077796747196	-36.99989719999205	0.0

2018-01-28T20:30:00	67.76831402259666	-38.427084026308606	0.0

2018-01-28T20:40:00	65.29470901561194	-39.82960220094086	0.0

2018-01-28T20:50:00	62.7439644411167	-41.20404296078235	0.0

2018-01-28T21:00:00	60.10995990575873	-42.54673773041671	0.0

2018-01-28T21:10:00	57.3865329948581	-43.85373964077099	0.0

2018-01-28T21:20:00	54.56758824022512	-45.12080815108192	0.0

2018-01-28T21:30:00	51.647240669508165	-46.343398597227925	0.0

2018-01-28T21:40:00	48.61999930073381	-47.51665887416689	0.0

2018-01-28T21:50:00	45.48099333309921	-48.635436493085706	0.0

2018-01-28T22:00:00	42.22624573195287	-49.69429804601415	0.0

2018-01-28T22:10:00	38.85298785698291	-50.687566157999555	0.0

2018-01-28T22:20:00	35.36001012010843	-51.609376250188426	0.0

2018-01-28T22:30:00	31.74803184902123	-52.45375665825554	0.0

2018-01-28T22:40:00	28.020065848583044	-53.214734060193656	0.0

2018-01-28T22:50:00	24.18174362760692	-53.88646440373825	0.0

2018-01-28T23:00:00	20.241559383153003	-54.46338692582338	0.0

2018-01-28T23:10:00	16.210987364881817	-54.94039554095562	0.0

2018-01-28T23:20:00	12.104428380050308	-55.31301852308109	0.0

2018-01-28T23:30:00	7.938958794232178	-55.577593537833636	0.0

2018-01-28T23:40:00	3.73386689415878	-55.73142408710129	0.0

2018-01-28T23:50:00	359.50999859968897	-55.77290205603195	0.0

2018-01-29T00:00:00	355.2889582133039	-55.701583841738	0.0

